122 58 75 97 
115 56 75 97 
108 52 75 97 
101 46 75 97 
95 41 75 97 
90 37 75 97 
89 37 75 97 
88 38 75 97 
86 43 75 97 
85 51 75 97 
82 54 75 97 
79 58 75 97 
72 60 75 97 
66 58 75 97 
60 57 75 97 
54 53 75 97 
55 49 75 97 
55 45 75 97 
57 44 75 97 
62 45 75 97 
67 48 75 97 
69 51 75 97 
71 53 75 97 
76 54 75 97 
80 56 75 97 
84 55 75 97 
89 51 75 97 
94 46 75 97 
98 38 75 97 
107 30 75 97 
116 25 75 97 
124 26 75 97 
129 32 75 97 
131 34 75 97 
133 37 75 97 
134 38 75 97 
136 40 75 97 
136 41 75 97 
133 39 75 97 
135 37 75 97 
135 34 75 97 
133 32 75 97 
135 32 75 97 
133 35 75 97 
133 35 75 97 
133 37 75 97 
132 38 75 97 
133 38 75 97 
133 38 75 97 
135 37 75 97 
137 33 75 97 
141 28 75 97 
146 26 75 97 
148 26 75 97 
151 32 75 97 
150 40 75 97 
149 46 75 97 
150 50 75 97 
149 52 75 97 
145 47 75 97 
145 43 75 97 
149 37 75 97 
155 33 75 97 
160 35 75 97 
159 36 75 97 
159 41 75 97 
156 43 75 97 
150 45 75 97 
144 44 75 97 
139 45 75 97 
131 39 75 97 
126 35 75 97 
124 30 75 97 
129 28 75 97 
128 30 75 97 
128 32 75 97 
128 35 75 97 
129 38 75 97 
128 38 75 97 
124 40 75 97 
122 40 75 97 
119 38 75 97 
122 34 75 97 
126 32 75 97 
129 31 75 97 
139 34 75 97 
144 38 75 97 
149 38 75 97 
157 35 75 97 
161 35 75 97 
165 33 75 97 
167 32 75 97 
169 30 75 97 
168 27 75 97 
170 24 75 97 
171 22 75 97 
170 22 75 97 
169 23 75 97 
171 31 75 97 
168 38 75 97 
163 41 75 97 
159 44 75 97 
153 43 75 97 
149 39 75 97 
148 35 75 97 
151 30 75 97 
152 30 75 97 
153 32 75 97 
152 35 75 97 
153 38 75 97 
153 42 75 97 
154 43 75 97 
154 45 75 97 
155 46 75 97 
157 49 75 97 
159 44 75 97 
158 40 75 97 
160 39 75 97 
163 44 75 97 
162 48 75 97 
161 52 75 97 
156 54 75 97 
153 55 75 97 
151 55 75 97 
149 52 75 97 
147 50 75 97 
143 48 75 97 
138 44 75 97 
135 43 75 97 
132 39 75 97 
130 33 75 97 
128 32 75 97 
125 37 75 97 
125 39 75 97 
126 40 75 97 
124 43 75 97 
122 45 75 97 
120 46 75 97 
120 46 75 97 
124 44 75 97 
131 45 75 97 
137 45 75 97 
143 46 75 97 
149 45 75 97 
153 45 75 97 
154 46 75 97 
154 47 75 97 
154 47 75 97 
157 45 75 97 
156 44 75 97 
154 44 75 97 
150 41 75 97 
143 37 75 97 
147 35 75 97 
143 39 75 97 
142 42 75 97 
139 45 75 97 
137 45 75 97 
147 49 75 97 
149 50 75 97 
150 48 75 97 
150 49 75 97 
149 50 75 97 
148 49 75 97 
152 50 75 97 
148 50 75 97 
142 50 75 97 
135 48 75 97 
131 47 75 97 
128 47 75 97 
127 48 75 97 
127 48 75 97 
122 52 75 97 
120 52 75 97 
127 49 75 97 
129 49 75 97 
133 48 75 97 
133 48 75 97 
135 47 75 97 
136 46 75 97 
135 47 75 97 
131 47 75 97 
131 46 75 97 
131 45 75 97 
131 45 75 97 
133 43 75 97 
134 44 75 97 
131 44 75 97 
134 42 75 97 
133 40 75 97 
131 38 75 97 
129 37 75 97 
128 36 75 97 
126 38 75 97 
120 39 75 97 
121 41 75 97 
116 41 75 97 
119 41 75 97 
121 40 75 97 
126 38 75 97 
130 35 75 97 
133 33 75 97 
138 35 75 97 
141 36 75 97 
143 37 75 97 
148 39 75 97 
150 37 75 97 
149 33 75 97 
151 31 75 97 
153 28 75 97 
157 29 75 97 
154 32 75 97 
154 38 75 97 
151 43 75 97 
145 46 75 97 
137 48 75 97 
131 49 75 97 
124 47 75 97 
124 47 75 97 
120 44 75 97 
119 41 75 97 
123 41 75 97 
125 43 75 97 
129 44 75 97 
133 46 75 97 
135 49 75 97 
138 52 75 97 
143 55 75 97 
146 57 75 97 
148 54 75 97 
153 47 75 97 
156 45 75 97 
153 38 75 97 
152 32 75 97 
152 28 75 97 
145 22 75 97 
145 25 75 97 
139 28 75 97 
133 31 75 97 
132 32 75 97 
130 33 75 97 
130 33 75 97 
129 35 75 97 
127 35 75 97 
126 35 75 97 
127 31 75 97 
130 33 75 97 
131 37 75 97 
133 42 75 97 
133 45 75 97 
132 49 75 97 
134 52 75 97 
130 51 75 97 
132 45 75 97 
133 36 75 97 
138 31 75 97 
141 34 75 97 
141 39 75 97 
142 43 75 97 
140 46 75 97 
139 48 75 97 
139 49 75 97 
137 50 75 97 
137 48 75 97 
140 47 75 97 
140 48 75 97 
134 47 75 97 
129 48 75 97 
126 49 75 97 
122 49 75 97 
115 48 75 97 
111 47 75 97 
106 47 75 97 
102 46 75 97 
105 45 75 97 
107 43 75 97 
109 39 75 97 
114 39 75 97 
116 42 75 97 
118 49 75 97 
123 53 75 97 
129 54 75 97 
137 53 75 97 
141 48 75 97 
144 44 75 97 
147 41 75 97 
150 38 75 97 
152 37 75 97 
152 37 75 97 
152 38 75 97 
152 40 75 97 
151 44 75 97 
148 46 75 97 
145 46 75 97 
145 46 75 97 
141 46 75 97 
140 45 75 97 
142 43 75 97 
140 41 75 97 
139 43 75 97 
140 44 75 97 
140 45 75 97 
142 46 75 97 
145 46 75 97 
145 47 75 97 
144 47 75 97 
146 49 75 97 
144 51 75 97 
139 57 75 97 
139 61 75 97 
141 64 75 97 
140 67 75 97 
137 69 75 97 
134 68 75 97 
134 65 75 97 
137 65 75 97 
133 62 75 97 
135 58 75 97 
138 57 75 97 
141 57 75 97 
145 58 75 97 
148 59 75 97 
150 59 75 97 
153 58 75 97 
154 58 75 97 
154 53 75 97 
154 51 75 97 
151 50 75 97 
146 47 75 97 
142 47 75 97 
137 51 75 97 
132 54 75 97 
128 55 75 97 
124 57 75 97 
119 58 75 97 
114 58 75 97 
114 58 75 97 
110 55 75 97 
111 51 75 97 
114 50 75 97 
117 51 75 97 
119 55 75 97 
123 59 75 97 
130 64 75 97 
133 68 75 97 
140 67 75 97 
142 65 75 97 
148 62 75 97 
156 61 75 97 
159 61 75 97 
163 63 75 97 
165 68 75 97 
165 70 75 97 
163 72 75 97 
158 71 75 97 
153 69 75 97 
152 66 75 97 
151 67 75 97 
147 67 75 97 
145 67 75 97 
146 66 75 97 
145 66 75 97 
143 67 75 97 
140 67 75 97 
137 66 75 97 
